UHIDs in dataset (kushagr)


100008174   104531795  105297693  105332975  105347398  105370868    500261024  500261706  500262367  500262673  500262995  500263324  500263594  500264061  500264558  500264857  500265750  500266050
100013247   104535721  105297851  105333012  105347445  105370884    500261148  500261720  500262373  500262691  500262996  500263325  500263595  500264094  500264559  500264860  500265753  500266055
100055644   104538112  105298348  105333081  105347478  105370894    500261258  500261731  500262376  500262692  500262998  500263330  500263597  500264097  500264574  500264867  500265756  500266069
100329610   104557953  105300161  105333131  105347557  105371050    500261378  500261741  500262378  500262693  500263000  500263337  500263598  500264105  500264576  500264873  500265757  500266078
100461543   104570487  105300424  105333247  105347575  105371070    500261388  500261748  500262379  500262695  500263003  500263341  500263603  500264106  500264577  500264878  500265759  500266080
100477519   104604824  105300461  105333252  105347590  105372560    500261396  500261758  500262381  500262699  500263011  500263344  500263606  500264113  500264579  500264882  500265772  500266084
100535511   104700942  105300581  105333371  105348645  105372586    500261408  500261780  500262382  500262703  500263044  500263346  500263607  500264114  500264580  500264887  500265777  500266086
100643712   104712962  105301889  105333464  105348655  105374376    500261409  500261787  500262383  500262709  500263059  500263347  500263609  500264115  500264581  500264889  500265779  500266090
100651952   104723094  105302132  105333680  105348881  105374416    500261422  500261788  500262388  500262710  500263078  500263355  500263613  500264116  500264585  500264908  500265786  500266091
100724288   104796936  105304504  105334178  105348970  105374704    500261430  500261790  500262398  500262711  500263090  500263362  500263618  500264117  500264590  500264909  500265789  500266099
100921875   104802313  105306661  105334796  105349031  105375302    500261436  500261812  500262401  500262714  500263091  500263370  500263623  500264119  500264593  500264912  500265794  500266100
100958201   104831478  105309013  105334844  105349040  105375505    500261437  500261821  500262407  500262715  500263094  500263372  500263625  500264123  500264595  500264913  500265802  500266104
101075443   104875460  105311667  105335014  105349075  105375536    500261447  500261834  500262408  500262716  500263095  500263377  500263626  500264135  500264606  500264922  500265803  500266215
101123383   104884441  105312668  105335347  105349083  105375578    500261449  500261837  500262417  500262723  500263098  500263381  500263631  500264180  500264611  500264936  500265806  500266216
101150678   104891824  105313108  105335380  105349368  105375631    500261456  500261845  500262418  500262725  500263114  500263383  500263634  500264195  500264617  500264940  500265810  500266219
101169894   104973597  105313384  105335648  105349766  105375737    500261469  500261847  500262421  500262726  500263117  500263393  500263643  500264203  500264659  500264942  500265812  500266220
101206047   104982287  105313701  105335776  105349811  105375929    500261471  500261848  500262422  500262728  500263119  500263398  500263645  500264204  500264663  500264944  500265820  500266225
101278047   105000413  105314116  105335967  105350172  105376697    500261472  500261862  500262429  500262745  500263125  500263400  500263646  500264214  500264665  500264946  500265824  500266231
101348057   105014632  105316190  105336027  105350514  105376960    500261476  500261866  500262430  500262749  500263128  500263416  500263648  500264219  500264666  500264954  500265825  500267220
101403836   105043286  105316493  105336149  105350547  105377005    500261477  500261918  500262432  500262753  500263129  500263423  500263650  500264221  500264673  500264957  500265826  500272363
101453181   105067873  105318079  105336673  105350605  105379028    500261486  500261947  500262436  500262755  500263133  500263424  500263651  500264235  500264675  500264962  500265831  500272421
101536955   105073332  105319705  105336694  105351393  105441083    500261488  500261969  500262437  500262759  500263134  500263426  500263718  500264236  500264681  500264964  500265840  500276685
101684473   105109969  105320112  105337192  105351581  105447375    500261489  500261972  500262443  500262779  500263138  500263432  500263727  500264261  500264688  500264972  500265842  500276699
101717451   105111981  105320129  105337264  105351622  105453840    500261492  500261985  500262450  500262784  500263144  500263435  500263732  500264273  500264689  500264973  500265849  500276707
101769301   105124081  10532105   105337476  105351632  105453954    500261498  500262040  500262454  500262789  500263153  500263438  500263734  500264274  500264693  500264976  500265850  500276776
101790180   105130163  105321331  105337481  105351689  105482904    500261502  500262102  500262478  500262793  500263154  500263445  500263735  500264283  500264695  500264984  500265854  500276778
102018938   105133072  105321778  105338209  105351693  105492844    500261503  500262116  500262498  500262795  500263157  500263446  500263741  500264284  500264699  500264990  500265855  500276801
102030233   105168538  105321992  105338901  105351708  105493510    500261504  500262132  500262505  500262798  500263159  500263448  500263743  500264288  500264700  500264999  500265858  500276805
102081868   105169244  105323106  105339080  105351766  105500844    500261506  500262139  500262508  500262800  500263161  500263449  500263744  500264289  500264707  500265000  500265862  500276811
102211068   105170545  105323125  105339124  105351803  105538943    500261508  500262157  500262527  500262805  500263167  500263451  500263745  500264292  500264710  500265004  500265873  500277422
102214326   105189077  105324598  105339211  105352009  105542378    500261509  500262161  500262529  500262812  500263169  500263457  500263746  500264293  500264713  500265005  500265885  500282871
102239493   105202346  105324611  105339273  105352062  105543151    500261512  500262169  500262535  500262817  500263170  500263472  500263747  500264294  500264719  500265012  500265886  500283378
102439093   105202386  105325079  105339447  105352637  105544557    500261513  500262174  500262552  500262818  500263175  500263475  500263750  500264297  500264732  500265013  500265889  500283469
102547145   105217546  105325104  105339506  105352711  105545786    500261514  500262201  500262556  500262819  500263185  500263476  500263751  500264298  500264735  500265014  500265890  500283565
102622525   105222403  105325456  105339688  105353945  105545823    500261515  500262211  500262557  500262822  500263187  500263479  500263753  500264299  500264740  500265101  500265895  500283569
102659801   105227763  105325512  105340220  105353962  105546347    500261516  500262214  500262558  500262825  500263189  500263480  500263756  500264300  500264745  500265319  500265902  500283570
102743796   105230176  105325623  105340321  105355303  105546700    500261517  500262223  500262560  500262831  500263190  500263484  500263783  500264319  500264748  500265364  500265904  500283571
102777898   105234600  105325641  105340748  105355422  105552468    500261518  500262243  500262562  500262832  500263191  500263485  500263784  500264322  500264752  500265387  500265914  500283585
102794413   105234778  105325690  105340798  105355487  20120031279  500261519  500262254  500262564  500262836  500263193  500263486  500263793  500264330  500264754  500265495  500265915  500283586
102837884   105242989  105326325  105340850  105355528  20120502019  500261520  500262255  500262572  500262837  500263196  500263487  500263813  500264331  500264755  500265569  500265922  500283587
102882261   105245144  105326508  105340988  105355781  20120569379  500261522  500262258  500262573  500262849  500263199  500263489  500263830  500264343  500264762  500265591  500265925  500283588
103018656   105247307  105326550  105341041  105355856  20130114899  500261525  500262260  500262579  500262863  500263202  500263492  500263842  500264350  500264774  500265607  500265935  500283600
103033495   105255806  105326589  105341100  105356825  20130155198  500261527  500262263  500262581  500262878  500263203  500263502  500263843  500264351  500264776  500265610  500265943  500283605
103120468   105266751  105326683  105341976  105356826  20130244418  500261529  500262264  500262585  500262898  500263205  500263504  500263845  500264354  500264778  500265611  500265945  500283618
103211282   105268689  105327994  105342140  105356897  20130319035  500261554  500262267  500262597  500262907  500263215  500263505  500263848  500264356  500264780  500265615  500265951  500283626
103244914   105269126  105328072  105342256  105356929  20130341354  500261555  500262268  500262605  500262909  500263221  500263506  500263850  500264357  500264782  500265621  500265955  500283632
103268707   105269774  105328087  105342289  105358379  20130363361  500261557  500262272  500262606  500262913  500263224  500263507  500263852  500264358  500264784  500265625  500265958  500283635
103390636   105269943  105328170  105342389  105359526  20130451589  500261562  500262276  500262607  500262919  500263233  500263508  500263860  500264364  500264788  500265640  500265959  500283640
103395364   105270394  105328319  105342537  105359683  20130555456  500261563  500262277  500262616  500262925  500263234  500263512  500263861  500264368  500264800  500265643  500265960  500283651
103397221   105270750  105328344  105342693  105359812  20130685318  500261564  500262283  500262622  500262927  500263236  500263513  500263868  500264379  500264802  500265651  500265961  500283661
103465030   105272160  105328648  105342885  105359815  20130713620  500261571  500262286  500262626  500262933  500263238  500263519  500263870  500264395  500264803  500265654  500265964  500283663
103467922   105274439  105328781  105343123  105360706  500120928    500261574  500262296  500262629  500262935  500263241  500263522  500263883  500264435  500264805  500265664  500265965  500283671
103491795   105278122  105328798  105343420  105360818  500121708    500261575  500262297  500262632  500262937  500263253  500263524  500263887  500264447  500264808  500265665  500265969  500283684
1035633784  105278488  105328804  105343538  105360870  500150384    500261576  500262305  500262634  500262945  500263254  500263525  500263892  500264451  500264812  500265667  500265975  500283688
103595589   105279859  105329343  105344080  105360991  500156027    500261578  500262306  500262636  500262950  500263255  500263526  500263902  500264455  500264814  500265674  500265979  500283694
103807081   105281725  105329387  105344146  105361383  500200033    500261581  500262307  500262640  500262951  500263263  500263538  500263903  500264461  500264817  500265679  500265989  500283726
103851675   105281780  105329580  105344471  105362702  500204157    500261582  500262316  500262641  500262953  500263264  500263539  500263904  500264473  500264823  500265682  500265990  500283746
103868198   105284551  105330176  105344799  105362852  500206888    500261589  500262321  500262648  500262960  500263266  500263544  500263915  500264475  500264825  500265683  500265993  500283752
103868521   105285091  105330551  105344918  105362972  500208054    500261593  500262334  500262649  500262963  500263275  500263545  500263919  500264480  500264829  500265692  500265998  500283767
103974378   105288114  105330613  105345763  105363041  500215572    500261601  500262340  500262650  500262965  500263280  500263548  500263923  500264481  500264838  500265695  500266000  500283774
104028099   105288775  105330837  105346047  105365290  500216348    500261606  500262343  500262653  500262966  500263286  500263551  500263925  500264484  500264839  500265698  500266007  500283778
104043080   105289919  105330884  105346346  105365850  500223418    500261624  500262344  500262658  500262968  500263295  500263562  500263934  500264488  500264846  500265702  500266008  500283780
104105421   105292233  105331000  105346937  105367668  500238387    500261625  500262350  500262659  500262969  500263301  500263572  500263935  500264501  500264849  500265709  500266010  500283786
104109183   105292274  105331114  105346956  105368562  500255556    500261659  500262359  500262663  500262970  500263302  500263578  500263936  500264506  500264852  500265719  500266011  500283974
104181642   105293072  105331606  105347244  105369245  500258924    500261683  500262360  500262668  500262972  500263305  500263579  500263940  500264511  500264853  500265740  500266012  500284027
104332633   105293826  105331953  105347282  105370072  500260813    500261688  500262365  500262670  500262976  500263315  500263584  500263947  500264536  500264855  500265745  500266015  500285877
104521941   105294890  105332907  105347286  105370480  500260819    500261700  500262366  500262671  500262985  500263317  500263586  500263950  500264553  500264856  500265749  500266035  520257
